# relative_time, cycles_done, cur_item, corpus_count, pending_total, pending_favs, map_size, saved_crashes, saved_hangs, max_depth, execs_per_sec, total_execs, edges_found, total_crashes, servers_count
60, 4801, 24, 60, 0, 0, 69.23%, 0, 0, 10, 82882.20, 5032872, 27, 0, 0
65, 5156, 13, 60, 0, 0, 69.23%, 0, 0, 10, 82267.41, 5443772, 27, 0, 0
70, 5501, 56, 60, 0, 0, 69.23%, 0, 0, 10, 82460.51, 5862397, 27, 0, 0
75, 5872, 23, 60, 0, 0, 69.23%, 0, 0, 10, 83136.33, 6286197, 27, 0, 0
80, 6239, 45, 60, 0, 0, 69.23%, 0, 0, 10, 82879.34, 6702272, 27, 0, 0
85, 6609, 4, 60, 0, 0, 69.23%, 0, 0, 10, 81195.18, 7105922, 27, 0, 0
90, 6957, 4, 60, 0, 0, 69.23%, 0, 0, 10, 80545.47, 7514247, 27, 0, 0
96, 7309, 59, 60, 0, 0, 69.23%, 0, 0, 10, 81545.34, 7927122, 27, 0, 0
101, 7653, 59, 60, 0, 0, 69.23%, 0, 0, 10, 82241.14, 8344316, 27, 0, 0
106, 8009, 4, 60, 0, 0, 69.23%, 0, 0, 10, 82858.32, 8763272, 27, 0, 0
111, 8378, 54, 60, 0, 0, 69.23%, 0, 0, 10, 82689.30, 9175872, 27, 0, 0
116, 8714, 52, 60, 0, 0, 69.23%, 0, 0, 10, 81403.34, 9585522, 27, 0, 0
121, 9068, 24, 61, 0, 0, 69.23%, 0, 0, 10, 81676.35, 10001979, 27, 0, 0
126, 9414, 49, 61, 0, 0, 69.23%, 0, 0, 10, 81902.12, 10423154, 27, 0, 0
131, 9765, 45, 61, 0, 0, 69.23%, 0, 0, 10, 82352.05, 10838204, 27, 0, 0
136, 10111, 56, 61, 0, 0, 69.23%, 0, 0, 10, 82831.05, 11262138, 27, 0, 0
141, 10475, 59, 61, 0, 0, 69.23%, 0, 0, 10, 82920.26, 11682963, 27, 0, 0
146, 10805, 45, 61, 0, 0, 69.23%, 0, 0, 10, 76674.22, 12074404, 27, 0, 0
151, 11109, 11, 61, 0, 0, 69.23%, 0, 0, 10, 75382.97, 12445979, 27, 0, 0
156, 11420, 13, 61, 0, 0, 69.23%, 0, 0, 10, 78342.25, 12843254, 27, 0, 0
161, 11760, 11, 61, 0, 0, 69.23%, 0, 0, 10, 79215.47, 13247279, 27, 0, 0
167, 12083, 56, 61, 0, 0, 69.23%, 0, 0, 10, 77647.57, 13641956, 27, 0, 0
172, 12418, 59, 61, 0, 0, 69.23%, 0, 0, 10, 76773.85, 14031234, 27, 0, 0
177, 12764, 11, 61, 0, 0, 69.23%, 0, 0, 10, 79906.09, 14442129, 27, 0, 0
182, 13095, 0, 61, 0, 0, 69.23%, 0, 0, 10, 79780.82, 14844029, 27, 0, 0
187, 13449, 6, 61, 0, 0, 69.23%, 0, 0, 10, 80001.45, 15247179, 27, 0, 0
192, 13795, 35, 61, 0, 0, 69.23%, 0, 0, 10, 79302.67, 15643979, 27, 0, 0
197, 14117, 56, 61, 0, 0, 69.23%, 0, 0, 10, 79667.53, 16046254, 27, 0, 0
202, 14403, 59, 61, 0, 0, 69.23%, 0, 0, 10, 75781.14, 16425141, 27, 0, 0
207, 14736, 58, 61, 0, 0, 69.23%, 0, 0, 10, 77572.27, 16825227, 27, 0, 0
212, 15080, 56, 61, 0, 0, 69.23%, 0, 0, 10, 79013.21, 17231782, 27, 0, 0
217, 15417, 52, 61, 0, 0, 69.23%, 0, 0, 10, 80150.06, 17638629, 27, 0, 0
222, 15761, 52, 61, 0, 0, 69.23%, 0, 0, 10, 80294.05, 18045879, 27, 0, 0
227, 16083, 45, 61, 0, 0, 69.23%, 0, 0, 10, 80035.67, 18450404, 27, 0, 0
233, 16406, 13, 61, 0, 0, 69.23%, 0, 0, 10, 77139.71, 18841629, 27, 0, 0
238, 16758, 54, 61, 0, 0, 69.23%, 0, 0, 10, 75804.31, 19225704, 27, 0, 0
243, 17086, 37, 61, 0, 0, 69.23%, 0, 0, 10, 79349.82, 19630229, 27, 0, 0
248, 17379, 59, 61, 0, 0, 69.23%, 0, 0, 10, 74616.52, 20006914, 27, 0, 0
253, 17695, 4, 61, 0, 0, 69.23%, 0, 0, 10, 74700.83, 20391254, 27, 0, 0
258, 18040, 57, 61, 0, 0, 69.23%, 0, 0, 10, 78924.75, 20790829, 27, 0, 0
263, 18377, 18, 61, 0, 0, 69.23%, 0, 0, 10, 80047.24, 21201879, 27, 0, 0
268, 18723, 59, 61, 0, 0, 69.23%, 0, 0, 10, 79603.33, 21603296, 27, 0, 0
273, 19091, 59, 61, 0, 0, 69.23%, 0, 0, 10, 79347.17, 22002814, 27, 0, 0
278, 19503, 57, 61, 0, 0, 69.23%, 0, 0, 10, 79006.05, 22394579, 27, 0, 0
283, 19928, 59, 61, 0, 0, 69.23%, 0, 0, 10, 80941.47, 22802404, 27, 0, 0
288, 20352, 12, 61, 0, 0, 69.23%, 0, 0, 10, 81460.07, 23211479, 27, 0, 0
293, 20776, 3, 61, 0, 0, 69.23%, 0, 0, 10, 80665.77, 23613454, 27, 0, 0
298, 21137, 11, 61, 0, 0, 69.23%, 0, 0, 10, 68947.62, 23967179, 27, 0, 0
303, 21549, 3, 61, 0, 0, 69.23%, 0, 0, 10, 76547.36, 24361554, 27, 0, 0
308, 21982, 45, 61, 0, 0, 69.23%, 0, 0, 10, 79454.05, 24762504, 27, 0, 0
313, 22386, 11, 61, 0, 0, 69.23%, 0, 0, 10, 77524.97, 25153554, 27, 0, 0
318, 22811, 18, 61, 0, 0, 69.23%, 0, 0, 10, 78466.33, 25555029, 27, 0, 0
323, 23216, 11, 61, 0, 0, 69.23%, 0, 0, 10, 78512.63, 25947954, 27, 0, 0
328, 23643, 4, 61, 0, 0, 69.23%, 0, 0, 10, 81018.28, 26358329, 27, 0, 0
333, 24058, 57, 61, 0, 0, 69.23%, 0, 0, 10, 80752.39, 26761704, 27, 0, 0
338, 24488, 31, 61, 0, 0, 69.23%, 0, 0, 10, 80064.30, 27167479, 27, 0, 0
343, 24910, 41, 61, 0, 0, 69.23%, 0, 0, 10, 81077.04, 27572729, 27, 0, 0
348, 25325, 11, 61, 0, 0, 69.23%, 0, 0, 10, 79982.44, 27976354, 27, 0, 0
353, 25744, 18, 61, 0, 0, 69.23%, 0, 0, 10, 79611.17, 28369804, 27, 0, 0
358, 26161, 11, 61, 0, 0, 69.23%, 0, 0, 10, 80168.78, 28769554, 27, 0, 0
363, 26588, 54, 61, 0, 0, 69.23%, 0, 0, 10, 80651.51, 29172854, 27, 0, 0
368, 27005, 11, 61, 0, 0, 69.23%, 0, 0, 10, 79198.96, 29570529, 27, 0, 0
373, 27414, 3, 62, 0, 0, 69.23%, 0, 0, 10, 79120.81, 29963161, 27, 0, 0
378, 27812, 18, 62, 0, 0, 69.23%, 0, 0, 10, 79828.57, 30356761, 27, 0, 0
383, 28214, 11, 62, 0, 0, 69.23%, 0, 0, 10, 79733.23, 30753011, 27, 0, 0
388, 28630, 49, 62, 0, 0, 69.23%, 0, 0, 10, 81173.22, 31163161, 27, 0, 0
393, 29030, 3, 62, 0, 0, 69.23%, 0, 0, 10, 77478.68, 31545961, 27, 0, 0
398, 29444, 35, 62, 0, 0, 69.23%, 0, 0, 10, 78920.45, 31947986, 27, 0, 0
404, 29854, 58, 62, 0, 0, 69.23%, 0, 0, 10, 77900.08, 32340261, 27, 0, 0
409, 30265, 3, 62, 0, 0, 69.23%, 0, 0, 10, 78865.74, 32738586, 27, 0, 0
414, 30680, 0, 62, 0, 0, 69.23%, 0, 0, 10, 79708.14, 33142236, 27, 0, 0
419, 31087, 4, 62, 0, 0, 69.23%, 0, 0, 10, 79470.34, 33540461, 27, 0, 0
424, 31498, 13, 62, 0, 0, 69.23%, 0, 0, 10, 79840.34, 33940636, 27, 0, 0
429, 31914, 59, 62, 0, 0, 69.23%, 0, 0, 10, 81078.88, 34349586, 27, 0, 0
434, 32316, 37, 62, 0, 0, 69.23%, 0, 0, 10, 78847.75, 34747811, 27, 0, 0
439, 32736, 22, 62, 0, 0, 69.23%, 0, 0, 10, 79775.18, 35150861, 27, 0, 0
444, 33123, 11, 62, 0, 0, 69.23%, 0, 0, 10, 76534.91, 35537711, 27, 0, 0
449, 33543, 24, 62, 0, 0, 69.23%, 0, 0, 10, 80534.76, 35946511, 27, 0, 0
454, 33946, 24, 62, 0, 0, 69.23%, 0, 0, 10, 80034.88, 36350211, 27, 0, 0
459, 34366, 54, 62, 0, 0, 69.23%, 0, 0, 10, 81217.67, 36761211, 27, 0, 0
464, 34781, 47, 62, 0, 0, 69.23%, 0, 0, 10, 81249.71, 37169636, 27, 0, 0
469, 35192, 24, 62, 0, 0, 69.23%, 0, 0, 10, 80588.49, 37573086, 27, 0, 0
474, 35608, 3, 62, 0, 0, 69.23%, 0, 0, 10, 81333.43, 37982136, 27, 0, 0
479, 35991, 24, 62, 0, 0, 69.23%, 0, 0, 10, 73308.49, 38356611, 27, 0, 0
484, 36418, 4, 62, 0, 0, 69.23%, 0, 0, 10, 79789.62, 38761436, 27, 0, 0
489, 36828, 58, 62, 0, 0, 69.23%, 0, 0, 10, 80813.65, 39169361, 27, 0, 0
494, 37223, 42, 62, 0, 0, 69.23%, 0, 0, 10, 74727.51, 39543311, 27, 0, 0
499, 37624, 59, 62, 0, 0, 69.23%, 0, 0, 10, 79700.69, 39949811, 27, 0, 0
504, 38038, 24, 62, 0, 0, 69.23%, 0, 0, 10, 79581.29, 40344811, 27, 0, 0
509, 38462, 24, 62, 0, 0, 69.23%, 0, 0, 10, 80610.33, 40748111, 27, 0, 0
514, 38871, 43, 62, 0, 0, 69.23%, 0, 0, 10, 81281.82, 41156011, 27, 0, 0
519, 39265, 48, 62, 0, 0, 69.23%, 0, 0, 10, 79375.84, 41547436, 27, 0, 0
524, 39668, 46, 62, 0, 0, 69.23%, 0, 0, 10, 80982.42, 41955661, 27, 0, 0
529, 40072, 11, 62, 0, 0, 69.23%, 0, 0, 10, 81009.22, 42361536, 27, 0, 0
534, 40480, 11, 62, 0, 0, 69.23%, 0, 0, 10, 81202.82, 42769336, 27, 0, 0
539, 40884, 4, 62, 0, 0, 69.23%, 0, 0, 10, 80458.66, 43168911, 27, 0, 0
544, 41298, 3, 62, 0, 0, 69.23%, 0, 0, 10, 79474.60, 43571811, 27, 0, 0
549, 41689, 13, 62, 0, 0, 69.23%, 0, 0, 10, 79204.17, 43966086, 27, 0, 0
554, 42090, 3, 62, 0, 0, 69.23%, 0, 0, 10, 80107.52, 44369611, 27, 0, 0
559, 42502, 55, 62, 0, 0, 69.23%, 0, 0, 10, 81209.95, 44779111, 27, 0, 0
564, 42918, 57, 62, 0, 0, 69.23%, 0, 0, 10, 81592.36, 45189936, 27, 0, 0
569, 43332, 52, 62, 0, 0, 69.23%, 0, 0, 10, 80647.71, 45595511, 27, 0, 0
574, 43756, 24, 62, 0, 0, 69.23%, 0, 0, 10, 81471.04, 46005136, 27, 0, 0
579, 44171, 13, 62, 0, 0, 69.23%, 0, 0, 10, 81582.78, 46414186, 27, 0, 0
584, 44580, 43, 62, 0, 0, 69.23%, 0, 0, 10, 80706.88, 46815211, 27, 0, 0
589, 44971, 4, 62, 0, 0, 69.23%, 0, 0, 10, 74214.30, 47187861, 27, 0, 0
594, 45382, 18, 62, 0, 0, 69.23%, 0, 0, 10, 78428.76, 47583561, 27, 0, 0
599, 45800, 3, 62, 0, 0, 69.23%, 0, 0, 10, 80970.57, 47994136, 27, 0, 0
604, 45979, 72, 79, 0, 0, 69.23%, 0, 0, 12, 68934.82, 48338162, 27, 0, 0
610, 46148, 72, 79, 0, 0, 69.23%, 0, 0, 12, 67067.05, 48680002, 27, 0, 0
615, 46320, 58, 79, 0, 0, 69.23%, 0, 0, 12, 65824.41, 49018129, 27, 0, 0
620, 46499, 70, 79, 0, 0, 69.23%, 0, 0, 12, 66721.95, 49359752, 27, 0, 0
625, 46681, 78, 79, 0, 0, 69.23%, 0, 0, 12, 66318.60, 49698497, 27, 0, 0
630, 46873, 11, 79, 0, 0, 69.23%, 0, 0, 12, 67737.17, 50045989, 27, 0, 0
635, 47068, 77, 79, 0, 0, 69.23%, 0, 0, 12, 68017.83, 50394564, 27, 0, 0
640, 47269, 25, 79, 0, 0, 69.23%, 0, 0, 12, 68285.25, 50742131, 27, 0, 0
645, 47448, 71, 79, 0, 0, 69.23%, 0, 0, 12, 65843.44, 51081167, 27, 0, 0
651, 47640, 74, 79, 0, 0, 69.23%, 0, 0, 12, 68190.16, 51431041, 27, 0, 0
656, 47843, 74, 79, 0, 0, 69.23%, 0, 0, 12, 68525.57, 51780858, 27, 0, 0
661, 47997, 11, 79, 0, 0, 69.23%, 0, 0, 12, 63608.74, 52097164, 27, 0, 0
666, 48169, 75, 79, 0, 0, 69.23%, 0, 0, 12, 65939.52, 52432847, 27, 0, 0
671, 48334, 65, 79, 0, 0, 69.23%, 0, 0, 12, 63585.42, 52766477, 27, 0, 0
676, 48520, 54, 79, 0, 0, 69.23%, 0, 0, 12, 67007.92, 53114037, 27, 0, 0
681, 48708, 62, 79, 0, 0, 69.23%, 0, 0, 12, 68419.45, 53470199, 27, 0, 0
687, 48883, 72, 79, 0, 0, 69.23%, 0, 0, 12, 66411.12, 53808948, 27, 0, 0
692, 49052, 73, 79, 0, 0, 69.23%, 0, 0, 12, 67696.51, 54157197, 27, 0, 0
697, 49232, 77, 79, 0, 0, 69.23%, 0, 0, 12, 67322.97, 54507096, 27, 0, 0
702, 49411, 64, 79, 0, 0, 69.23%, 0, 0, 12, 66500.98, 54844697, 27, 0, 0
707, 49596, 11, 79, 0, 0, 69.23%, 0, 0, 12, 66474.02, 55180567, 27, 0, 0
712, 49776, 56, 79, 0, 0, 69.23%, 0, 0, 12, 67633.61, 55529056, 27, 0, 0
717, 49955, 70, 79, 0, 0, 69.23%, 0, 0, 12, 64894.26, 55861963, 27, 0, 0
723, 50143, 27, 79, 0, 0, 69.23%, 0, 0, 12, 67356.03, 56210809, 27, 0, 0
728, 50319, 67, 79, 0, 0, 69.23%, 0, 0, 12, 65596.95, 56542048, 27, 0, 0
733, 50490, 76, 79, 0, 0, 69.23%, 0, 0, 12, 64182.20, 56865204, 27, 0, 0
738, 50670, 73, 79, 0, 0, 69.23%, 0, 0, 12, 66558.05, 57213673, 27, 0, 0
743, 50842, 75, 79, 0, 0, 69.23%, 0, 0, 12, 65782.38, 57543764, 27, 0, 0
748, 51027, 70, 79, 0, 0, 69.23%, 0, 0, 12, 68129.21, 57894883, 27, 0, 0
753, 51212, 18, 79, 0, 0, 69.23%, 0, 0, 12, 67417.99, 58242984, 27, 0, 0
759, 51409, 69, 79, 0, 0, 69.23%, 0, 0, 12, 67922.41, 58592839, 27, 0, 0
764, 51602, 29, 79, 0, 0, 69.23%, 0, 0, 12, 66833.35, 58940083, 27, 0, 0
769, 51781, 70, 79, 0, 0, 69.23%, 0, 0, 12, 65507.33, 59276140, 27, 0, 0
774, 51958, 77, 79, 0, 0, 69.23%, 0, 0, 12, 64304.52, 59609216, 27, 0, 0
779, 52132, 13, 79, 0, 0, 69.23%, 0, 0, 12, 64253.61, 59947960, 27, 0, 0
784, 52317, 72, 79, 0, 0, 69.23%, 0, 0, 12, 61280.70, 60274949, 27, 0, 0
789, 52503, 77, 79, 0, 0, 69.23%, 0, 0, 12, 66206.62, 60619086, 27, 0, 0
795, 52686, 66, 79, 0, 0, 69.23%, 0, 0, 12, 66748.97, 60964179, 27, 0, 0
800, 52871, 77, 79, 0, 0, 69.23%, 0, 0, 12, 68117.72, 61311337, 27, 0, 0
805, 53043, 18, 79, 0, 0, 69.23%, 0, 0, 12, 66533.34, 61653406, 27, 0, 0
810, 53205, 13, 79, 0, 0, 69.23%, 0, 0, 12, 65109.44, 61984990, 27, 0, 0
815, 53394, 4, 79, 0, 0, 69.23%, 0, 0, 12, 67793.46, 62334611, 27, 0, 0
820, 53562, 76, 79, 0, 0, 69.23%, 0, 0, 12, 65620.81, 62674969, 27, 0, 0
825, 53747, 78, 79, 0, 0, 69.23%, 0, 0, 12, 68147.09, 63027006, 27, 0, 0
831, 53926, 72, 79, 0, 0, 69.23%, 0, 0, 12, 66725.39, 63367042, 27, 0, 0
836, 54102, 73, 79, 0, 0, 69.23%, 0, 0, 12, 65872.91, 63700846, 27, 0, 0
841, 54280, 75, 79, 0, 0, 69.23%, 0, 0, 12, 66992.62, 64039595, 27, 0, 0
846, 54454, 68, 79, 0, 0, 69.23%, 0, 0, 12, 64603.48, 64379970, 27, 0, 0
851, 54620, 69, 79, 0, 0, 69.23%, 0, 0, 12, 66019.83, 64722171, 27, 0, 0
856, 54811, 72, 80, 0, 0, 69.23%, 0, 0, 12, 66805.00, 65067471, 27, 0, 0
861, 54995, 12, 80, 0, 0, 69.23%, 0, 0, 12, 66789.56, 65401983, 27, 0, 0
867, 55168, 47, 80, 0, 0, 69.23%, 0, 0, 12, 64031.77, 65724289, 27, 0, 0
872, 55334, 13, 80, 0, 0, 69.23%, 0, 0, 12, 62969.21, 66039232, 27, 0, 0
877, 55528, 66, 80, 0, 0, 69.23%, 0, 0, 12, 66896.89, 66387183, 27, 0, 0
882, 55700, 76, 80, 0, 0, 69.23%, 0, 0, 12, 65517.95, 66729178, 27, 0, 0
887, 55872, 70, 80, 0, 0, 69.23%, 0, 0, 12, 63986.49, 67061539, 27, 0, 0
892, 56037, 73, 80, 0, 0, 69.23%, 0, 0, 12, 64996.54, 67390625, 27, 0, 0
897, 56208, 64, 80, 0, 0, 69.23%, 0, 0, 12, 65424.41, 67725307, 27, 0, 0
903, 56384, 62, 80, 0, 0, 69.23%, 0, 0, 12, 65323.34, 68061722, 27, 0, 0
908, 56568, 72, 80, 0, 0, 69.23%, 0, 0, 12, 66429.93, 68409602, 27, 0, 0
913, 56736, 62, 80, 0, 0, 69.23%, 0, 0, 12, 62167.73, 68732408, 27, 0, 0
918, 56924, 2, 80, 0, 0, 69.23%, 0, 0, 12, 63709.20, 69065259, 27, 0, 0
923, 57116, 70, 80, 0, 0, 69.23%, 0, 0, 12, 66020.84, 69406119, 27, 0, 0
928, 57299, 63, 80, 0, 0, 69.23%, 0, 0, 12, 65954.88, 69736558, 27, 0, 0
933, 57479, 0, 80, 0, 0, 69.23%, 0, 0, 12, 63562.70, 70059933, 27, 0, 0
939, 57648, 67, 80, 0, 0, 69.23%, 0, 0, 12, 65451.40, 70400096, 27, 0, 0
944, 57813, 13, 80, 0, 0, 69.23%, 0, 0, 12, 65042.88, 70734128, 27, 0, 0
949, 57976, 70, 80, 0, 0, 69.23%, 0, 0, 12, 65160.23, 71065630, 27, 0, 0
954, 58161, 64, 80, 0, 0, 69.23%, 0, 0, 12, 67859.43, 71415595, 27, 0, 0
959, 58346, 23, 80, 0, 0, 69.23%, 0, 0, 12, 66397.20, 71754390, 27, 0, 0
964, 58513, 65, 80, 0, 0, 69.23%, 0, 0, 12, 62270.50, 72075789, 27, 0, 0
970, 58698, 24, 80, 0, 0, 69.23%, 0, 0, 12, 63482.60, 72412871, 27, 0, 0
975, 58860, 54, 80, 0, 0, 69.23%, 0, 0, 12, 64121.42, 72743083, 27, 0, 0
980, 59033, 65, 80, 0, 0, 69.23%, 0, 0, 12, 65849.72, 73082016, 27, 0, 0
985, 59211, 64, 80, 0, 0, 69.23%, 0, 0, 12, 66890.48, 73428348, 27, 0, 0
990, 59397, 60, 80, 0, 0, 69.23%, 0, 0, 12, 65124.36, 73758843, 27, 0, 0
995, 59576, 79, 80, 0, 0, 69.23%, 0, 0, 12, 65203.41, 74094894, 27, 0, 0
1000, 59756, 24, 80, 0, 0, 69.23%, 0, 0, 12, 64348.59, 74427177, 27, 0, 0
1006, 59924, 73, 80, 0, 0, 69.23%, 0, 0, 12, 65110.57, 74763115, 27, 0, 0
1011, 60098, 76, 80, 0, 0, 69.23%, 0, 0, 12, 63885.39, 75100077, 27, 0, 0
1016, 60276, 73, 80, 0, 0, 69.23%, 0, 0, 12, 65207.48, 75439552, 27, 0, 0
1021, 60470, 3, 80, 0, 0, 69.23%, 0, 0, 12, 66227.29, 75776501, 27, 0, 0
1026, 60654, 11, 80, 0, 0, 69.23%, 0, 0, 12, 64540.33, 76113106, 27, 0, 0
1031, 60830, 72, 80, 0, 0, 69.23%, 0, 0, 12, 66394.33, 76459767, 27, 0, 0
1037, 61001, 46, 80, 0, 0, 69.23%, 0, 0, 12, 67483.14, 76807081, 27, 0, 0
1042, 61180, 71, 80, 0, 0, 69.23%, 0, 0, 12, 65293.08, 77131601, 27, 0, 0
1047, 61354, 78, 80, 0, 0, 69.23%, 0, 0, 12, 66608.14, 77474284, 27, 0, 0
1052, 61533, 77, 80, 0, 0, 69.23%, 0, 0, 12, 66584.47, 77820370, 27, 0, 0
1057, 61708, 67, 80, 0, 0, 69.23%, 0, 0, 12, 66179.26, 78153776, 27, 0, 0
1062, 61886, 64, 80, 0, 0, 69.23%, 0, 0, 12, 63694.23, 78479138, 27, 0, 0
1067, 62072, 77, 80, 0, 0, 69.23%, 0, 0, 12, 62852.36, 78811374, 27, 0, 0
1073, 62252, 73, 80, 0, 0, 69.23%, 0, 0, 12, 66179.96, 79153870, 27, 0, 0
1078, 62430, 75, 80, 0, 0, 69.23%, 0, 0, 12, 66855.93, 79500707, 27, 0, 0
1083, 62606, 68, 80, 0, 0, 69.23%, 0, 0, 12, 67086.75, 79845022, 27, 0, 0
1088, 62774, 21, 80, 0, 0, 69.23%, 0, 0, 12, 65100.51, 80171204, 27, 0, 0
1093, 62939, 76, 80, 0, 0, 69.23%, 0, 0, 12, 63479.87, 80495404, 27, 0, 0
1098, 63107, 65, 80, 0, 0, 69.23%, 0, 0, 12, 62768.94, 80828241, 27, 0, 0
1103, 63295, 3, 80, 0, 0, 69.23%, 0, 0, 12, 63884.39, 81163011, 27, 0, 0
1109, 63478, 79, 80, 0, 0, 69.23%, 0, 0, 12, 65377.40, 81498947, 27, 0, 0
1114, 63655, 11, 80, 0, 0, 69.23%, 0, 0, 12, 63702.42, 81829622, 27, 0, 0
1119, 63828, 4, 80, 0, 0, 69.23%, 0, 0, 12, 65792.27, 82165522, 27, 0, 0
1124, 64017, 3, 80, 0, 0, 69.23%, 0, 0, 12, 66905.74, 82504010, 27, 0, 0
1129, 64189, 4, 80, 0, 0, 69.23%, 0, 0, 12, 64658.70, 82833129, 27, 0, 0
1134, 64353, 60, 80, 0, 0, 69.23%, 0, 0, 12, 64465.15, 83164611, 27, 0, 0
1139, 64525, 13, 80, 0, 0, 69.23%, 0, 0, 12, 66201.53, 83501961, 27, 0, 0
1144, 64715, 70, 80, 0, 0, 69.23%, 0, 0, 12, 66484.08, 83846936, 27, 0, 0
1150, 64886, 67, 80, 0, 0, 69.23%, 0, 0, 12, 66779.25, 84189926, 27, 0, 0
1155, 65057, 59, 80, 0, 0, 69.23%, 0, 0, 12, 66127.35, 84526488, 27, 0, 0
1160, 65233, 61, 80, 0, 0, 69.23%, 0, 0, 12, 64392.36, 84863863, 27, 0, 0
1165, 65400, 73, 80, 0, 0, 69.23%, 0, 0, 12, 66567.79, 85203938, 27, 0, 0
1170, 65574, 3, 80, 0, 0, 69.23%, 0, 0, 12, 66251.25, 85541575, 27, 0, 0
1175, 65760, 76, 80, 0, 0, 69.23%, 0, 0, 12, 67151.21, 85887738, 27, 0, 0
1180, 65922, 70, 80, 0, 0, 69.23%, 0, 0, 12, 63804.91, 86210972, 27, 0, 0
1186, 66108, 3, 80, 0, 0, 69.23%, 0, 0, 12, 66998.33, 86557175, 27, 0, 0
1191, 66279, 72, 80, 0, 0, 69.23%, 0, 0, 12, 65426.24, 86895043, 27, 0, 0
1196, 66451, 65, 80, 0, 0, 69.23%, 0, 0, 12, 66562.48, 87238836, 27, 0, 0
1201, 66626, 77, 80, 0, 0, 69.23%, 0, 0, 12, 65805.12, 87579518, 27, 0, 0
1206, 66793, 69, 80, 0, 0, 69.23%, 0, 0, 12, 65442.69, 87916217, 27, 0, 0
1211, 66947, 29, 80, 0, 0, 69.23%, 0, 0, 12, 62953.32, 88238414, 27, 0, 0
1216, 67132, 75, 80, 0, 0, 69.23%, 0, 0, 12, 66300.16, 88582363, 27, 0, 0
1221, 67310, 69, 80, 0, 0, 69.23%, 0, 0, 12, 66628.56, 88917095, 27, 0, 0
1227, 67477, 4, 80, 0, 0, 69.23%, 0, 0, 12, 64885.58, 89248596, 27, 0, 0
1232, 67646, 24, 80, 0, 0, 69.23%, 0, 0, 12, 64930.26, 89569996, 27, 0, 0
1237, 67817, 75, 80, 0, 0, 69.23%, 0, 0, 12, 66029.95, 89908034, 27, 0, 0
1242, 67989, 53, 80, 0, 0, 69.23%, 0, 0, 12, 66076.57, 90245389, 27, 0, 0
1247, 68162, 65, 80, 0, 0, 69.23%, 0, 0, 12, 64222.20, 90575940, 27, 0, 0
1252, 68347, 11, 80, 0, 0, 69.23%, 0, 0, 12, 67348.42, 90923564, 27, 0, 0
1257, 68548, 77, 80, 0, 0, 69.23%, 0, 0, 12, 66625.55, 91268389, 27, 0, 0
1262, 68717, 70, 80, 0, 0, 69.23%, 0, 0, 12, 65763.59, 91606029, 27, 0, 0
1268, 68904, 78, 80, 0, 0, 69.23%, 0, 0, 12, 64108.24, 91945694, 27, 0, 0
1273, 69082, 76, 80, 0, 0, 69.23%, 0, 0, 12, 67436.56, 92292805, 27, 0, 0
1278, 69271, 55, 80, 0, 0, 69.23%, 0, 0, 12, 67038.77, 92631154, 27, 0, 0
1283, 69442, 54, 80, 0, 0, 69.23%, 0, 0, 12, 66354.22, 92968930, 27, 0, 0
1288, 69605, 9, 80, 0, 0, 69.23%, 0, 0, 12, 65849.51, 93304048, 27, 0, 0
1293, 69801, 72, 80, 0, 0, 69.23%, 0, 0, 12, 67888.51, 93651829, 27, 0, 0
1298, 69974, 24, 80, 0, 0, 69.23%, 0, 0, 12, 65592.17, 93980879, 27, 0, 0
1303, 70162, 6, 80, 0, 0, 69.23%, 0, 0, 12, 66349.48, 94323880, 27, 0, 0
1309, 70334, 75, 80, 0, 0, 69.23%, 0, 0, 12, 66399.20, 94661849, 27, 0, 0
1314, 70498, 31, 80, 0, 0, 69.23%, 0, 0, 12, 64231.86, 94986551, 27, 0, 0
1319, 70667, 65, 80, 0, 0, 69.23%, 0, 0, 12, 65334.63, 95321934, 27, 0, 0
1324, 70853, 63, 80, 0, 0, 69.23%, 0, 0, 12, 66486.22, 95668571, 27, 0, 0
1329, 71028, 43, 80, 0, 0, 69.23%, 0, 0, 12, 64886.27, 95998366, 27, 0, 0
1334, 71205, 65, 80, 0, 0, 69.23%, 0, 0, 12, 66566.24, 96342254, 27, 0, 0
1339, 71377, 64, 80, 0, 0, 69.23%, 0, 0, 12, 66488.59, 96684887, 27, 0, 0
1344, 71544, 76, 80, 0, 0, 69.23%, 0, 0, 12, 64191.69, 97007921, 27, 0, 0
1350, 71714, 79, 80, 0, 0, 69.23%, 0, 0, 12, 62575.51, 97333647, 27, 0, 0
1355, 71904, 65, 80, 0, 0, 69.23%, 0, 0, 12, 66421.87, 97675158, 27, 0, 0
1360, 72095, 67, 80, 0, 0, 69.23%, 0, 0, 12, 65389.12, 98014939, 27, 0, 0
1365, 72289, 4, 80, 0, 0, 69.23%, 0, 0, 12, 67351.54, 98365258, 27, 0, 0
1370, 72468, 76, 80, 0, 0, 69.23%, 0, 0, 12, 65851.39, 98700151, 27, 0, 0
1375, 72655, 24, 80, 0, 0, 69.23%, 0, 0, 12, 67349.35, 99044318, 27, 0, 0
1380, 72837, 68, 80, 0, 0, 69.23%, 0, 0, 12, 67224.09, 99388822, 27, 0, 0
1386, 73015, 72, 80, 0, 0, 69.23%, 0, 0, 12, 66863.16, 99733868, 27, 0, 0
1391, 73190, 72, 80, 0, 0, 69.23%, 0, 0, 12, 65613.22, 100071128, 27, 0, 0
1396, 73372, 45, 80, 0, 0, 69.23%, 0, 0, 12, 66186.28, 100407260, 27, 0, 0
1401, 73546, 70, 80, 0, 0, 69.23%, 0, 0, 12, 66581.79, 100754266, 27, 0, 0
1406, 73712, 4, 80, 0, 0, 69.23%, 0, 0, 12, 64132.59, 101077488, 27, 0, 0
1411, 73903, 67, 80, 0, 0, 69.23%, 0, 0, 12, 66893.02, 101420669, 27, 0, 0
1416, 74088, 76, 80, 0, 0, 69.23%, 0, 0, 12, 67110.60, 101766562, 27, 0, 0
1422, 74259, 63, 80, 0, 0, 69.23%, 0, 0, 12, 66701.06, 102108980, 27, 0, 0
1427, 74437, 16, 80, 0, 0, 69.23%, 0, 0, 12, 65358.50, 102433585, 27, 0, 0
1432, 74600, 63, 80, 0, 0, 69.23%, 0, 0, 12, 65551.99, 102775004, 27, 0, 0
1437, 74786, 28, 80, 0, 0, 69.23%, 0, 0, 12, 65348.21, 103113418, 27, 0, 0
1442, 74949, 72, 80, 0, 0, 69.23%, 0, 0, 12, 64421.57, 103445272, 27, 0, 0
1447, 75133, 34, 80, 0, 0, 69.23%, 0, 0, 12, 66406.49, 103787033, 27, 0, 0
1452, 75298, 68, 80, 0, 0, 69.23%, 0, 0, 12, 64785.66, 104111517, 27, 0, 0
1457, 75482, 78, 80, 0, 0, 69.23%, 0, 0, 12, 66307.58, 104455206, 27, 0, 0
1463, 75659, 4, 80, 0, 0, 69.23%, 0, 0, 12, 65898.14, 104785795, 27, 0, 0
1468, 75846, 64, 80, 0, 0, 69.23%, 0, 0, 12, 66915.56, 105132013, 27, 0, 0
1473, 76010, 70, 80, 0, 0, 69.23%, 0, 0, 12, 66370.03, 105475915, 27, 0, 0
1478, 76193, 73, 80, 0, 0, 69.23%, 0, 0, 12, 64834.29, 105814339, 27, 0, 0
1483, 76377, 63, 80, 0, 0, 69.23%, 0, 0, 12, 61436.25, 106141094, 27, 0, 0
1488, 76549, 33, 80, 0, 0, 69.23%, 0, 0, 12, 63163.85, 106472653, 27, 0, 0
1493, 76731, 68, 80, 0, 0, 69.23%, 0, 0, 12, 64936.28, 106809423, 27, 0, 0
1499, 76919, 69, 80, 0, 0, 69.23%, 0, 0, 12, 66381.56, 107150297, 27, 0, 0
1504, 77093, 70, 80, 0, 0, 69.23%, 0, 0, 12, 62850.92, 107482738, 27, 0, 0
1509, 77283, 65, 80, 0, 0, 69.23%, 0, 0, 12, 65330.85, 107818634, 27, 0, 0
1514, 77462, 49, 80, 0, 0, 69.23%, 0, 0, 12, 64219.08, 108155747, 27, 0, 0
1519, 77635, 11, 80, 0, 0, 69.23%, 0, 0, 12, 62892.76, 108489272, 27, 0, 0
1524, 77812, 58, 80, 0, 0, 69.23%, 0, 0, 12, 64618.76, 108824953, 27, 0, 0
1529, 78004, 70, 80, 0, 0, 69.23%, 0, 0, 12, 67352.69, 109173759, 27, 0, 0
1535, 78181, 4, 80, 0, 0, 69.23%, 0, 0, 12, 65463.84, 109504817, 27, 0, 0
1540, 78343, 66, 80, 0, 0, 69.23%, 0, 0, 12, 64368.21, 109836485, 27, 0, 0
1545, 78512, 63, 80, 0, 0, 69.23%, 0, 0, 12, 64808.47, 110169474, 27, 0, 0
1550, 78684, 64, 80, 0, 0, 69.23%, 0, 0, 12, 64776.06, 110501881, 27, 0, 0
1555, 78859, 24, 80, 0, 0, 69.23%, 0, 0, 12, 64491.75, 110830557, 27, 0, 0
1560, 79060, 67, 80, 0, 0, 69.23%, 0, 0, 12, 67785.38, 111184637, 27, 0, 0
1565, 79229, 13, 80, 0, 0, 69.23%, 0, 0, 12, 64622.33, 111512250, 27, 0, 0
1571, 79420, 68, 80, 0, 0, 69.23%, 0, 0, 12, 65141.34, 111858537, 27, 0, 0
1576, 79601, 65, 80, 0, 0, 69.23%, 0, 0, 12, 66737.56, 112207160, 27, 0, 0
1581, 79778, 72, 80, 0, 0, 69.23%, 0, 0, 12, 67445.07, 112553685, 27, 0, 0
1586, 79948, 74, 80, 0, 0, 69.23%, 0, 0, 12, 64784.69, 112883018, 27, 0, 0
1591, 80135, 79, 80, 0, 0, 69.23%, 0, 0, 12, 66130.88, 113227238, 27, 0, 0
1596, 80302, 60, 80, 0, 0, 69.23%, 0, 0, 12, 65101.04, 113558738, 27, 0, 0
1602, 80501, 79, 80, 0, 0, 69.23%, 0, 0, 12, 66354.88, 113902830, 27, 0, 0
1607, 80667, 78, 80, 0, 0, 69.23%, 0, 0, 12, 66353.98, 114241411, 27, 0, 0
1612, 80837, 13, 80, 0, 0, 69.23%, 0, 0, 12, 64029.80, 114571274, 27, 0, 0
1617, 81004, 69, 81, 0, 0, 69.23%, 0, 0, 12, 65596.97, 114909325, 27, 0, 0
1622, 81175, 72, 81, 0, 0, 69.23%, 0, 0, 12, 64448.33, 115242484, 27, 0, 0
1627, 81352, 69, 81, 0, 0, 69.23%, 0, 0, 12, 64818.34, 115575239, 27, 0, 0
1632, 81523, 11, 81, 0, 0, 69.23%, 0, 0, 12, 65511.95, 115913308, 27, 0, 0
1638, 81698, 62, 81, 0, 0, 69.23%, 0, 0, 12, 66280.86, 116259120, 27, 0, 0
1643, 81863, 24, 81, 0, 0, 69.23%, 0, 0, 12, 65660.60, 116587681, 27, 0, 0
1648, 82024, 73, 81, 0, 0, 69.23%, 0, 0, 12, 65084.08, 116911523, 27, 0, 0
1653, 82196, 76, 81, 0, 0, 69.23%, 0, 0, 12, 65119.84, 117246108, 27, 0, 0
1658, 82366, 72, 81, 0, 0, 69.23%, 0, 0, 12, 65702.86, 117580806, 27, 0, 0
1663, 82524, 67, 81, 0, 0, 69.23%, 0, 0, 12, 64468.26, 117912810, 27, 0, 0
1668, 82688, 11, 81, 0, 0, 69.23%, 0, 0, 12, 65998.49, 118249482, 27, 0, 0
1673, 82864, 2, 81, 0, 0, 69.23%, 0, 0, 12, 65516.43, 118591735, 27, 0, 0
1678, 83035, 79, 81, 0, 0, 69.23%, 0, 0, 12, 65562.96, 118924546, 27, 0, 0
1683, 83206, 11, 81, 0, 0, 69.23%, 0, 0, 12, 64685.78, 119255582, 27, 0, 0
1689, 83364, 77, 81, 0, 0, 69.23%, 0, 0, 12, 63766.15, 119584369, 27, 0, 0
1694, 83551, 65, 81, 0, 0, 69.23%, 0, 0, 12, 64020.79, 119918611, 27, 0, 0
1699, 83726, 62, 81, 0, 0, 69.23%, 0, 0, 12, 66062.72, 120262853, 27, 0, 0
1704, 83886, 70, 81, 0, 0, 69.23%, 0, 0, 12, 64635.46, 120594083, 27, 0, 0
1709, 84055, 3, 81, 0, 0, 69.23%, 0, 0, 12, 63794.52, 120921902, 27, 0, 0
1714, 84226, 66, 81, 0, 0, 69.23%, 0, 0, 12, 64153.97, 121251362, 27, 0, 0
1720, 84412, 70, 81, 0, 0, 69.23%, 0, 0, 12, 66114.48, 121595308, 27, 0, 0
1725, 84590, 69, 81, 0, 0, 69.23%, 0, 0, 12, 65930.26, 121936796, 27, 0, 0
1730, 84755, 71, 81, 0, 0, 69.23%, 0, 0, 12, 65728.98, 122278651, 27, 0, 0
1735, 84933, 24, 81, 0, 0, 69.23%, 0, 0, 12, 65312.95, 122613912, 27, 0, 0
1740, 85099, 78, 81, 0, 0, 69.23%, 0, 0, 12, 65952.10, 122954202, 27, 0, 0
1745, 85269, 69, 81, 0, 0, 69.23%, 0, 0, 12, 64779.63, 123286138, 27, 0, 0
1751, 85448, 64, 81, 0, 0, 69.23%, 0, 0, 12, 66585.27, 123631117, 27, 0, 0
1756, 85624, 67, 81, 0, 0, 69.23%, 0, 0, 12, 66298.30, 123970445, 27, 0, 0
1761, 85783, 24, 81, 0, 0, 69.23%, 0, 0, 12, 63845.70, 124299587, 27, 0, 0
1766, 85944, 65, 81, 0, 0, 69.23%, 0, 0, 12, 65237.43, 124633452, 27, 0, 0
1771, 86116, 3, 81, 0, 0, 69.23%, 0, 0, 12, 64073.46, 124962519, 27, 0, 0
1776, 86299, 76, 81, 0, 0, 69.23%, 0, 0, 12, 65532.93, 125302429, 27, 0, 0
1781, 86471, 72, 81, 0, 0, 69.23%, 0, 0, 12, 66278.38, 125647261, 27, 0, 0
1787, 86648, 70, 81, 0, 0, 69.23%, 0, 0, 12, 66892.96, 125991368, 27, 0, 0
1792, 86813, 76, 81, 0, 0, 69.23%, 0, 0, 12, 66732.66, 126333948, 27, 0, 0
1797, 86997, 0, 81, 0, 0, 69.23%, 0, 0, 12, 66384.56, 126674328, 27, 0, 0
1799, 87049, 28, 81, 0, 0, 69.23%, 0, 0, 12, 61858.71, 126773464, 27, 0, 0
