# relative_time, cycles_done, cur_item, corpus_count, pending_total, pending_favs, map_size, saved_crashes, saved_hangs, max_depth, execs_per_sec, total_execs, edges_found, total_crashes, servers_count
60, 424, 58, 59, 0, 0, 69.23%, 0, 0, 5, 79438.95, 4920838, 27, 0, 0
65, 459, 31, 59, 0, 0, 69.23%, 0, 0, 5, 81443.61, 5336488, 27, 0, 0
70, 495, 56, 59, 0, 0, 69.23%, 0, 0, 5, 82409.12, 5753838, 27, 0, 0
75, 529, 31, 59, 0, 0, 69.23%, 0, 0, 5, 84000.10, 6176088, 27, 0, 0
80, 565, 4, 59, 0, 0, 69.23%, 0, 0, 5, 84362.30, 6599088, 27, 0, 0
85, 600, 4, 59, 0, 0, 69.23%, 0, 0, 5, 84095.54, 7020338, 27, 0, 0
90, 635, 33, 59, 0, 0, 69.23%, 0, 0, 5, 82735.83, 7436388, 27, 0, 0
95, 668, 23, 59, 0, 0, 69.23%, 0, 0, 5, 82271.82, 7841488, 27, 0, 0
100, 702, 13, 59, 0, 0, 69.23%, 0, 0, 5, 82994.15, 8251588, 27, 0, 0
105, 735, 31, 59, 0, 0, 69.23%, 0, 0, 5, 80360.22, 8654138, 27, 0, 0
110, 767, 13, 59, 0, 0, 69.23%, 0, 0, 5, 79827.08, 9048038, 27, 0, 0
115, 801, 4, 59, 0, 0, 69.23%, 0, 0, 5, 81869.45, 9452438, 27, 0, 0
120, 837, 9, 59, 0, 0, 69.23%, 0, 0, 5, 83849.97, 9874838, 27, 0, 0
125, 872, 23, 60, 0, 0, 69.23%, 0, 0, 5, 82810.01, 10290496, 27, 0, 0
130, 905, 6, 60, 0, 0, 69.23%, 0, 0, 5, 81688.05, 10701296, 27, 0, 0
135, 937, 23, 60, 0, 0, 69.23%, 0, 0, 5, 80176.44, 11104196, 27, 0, 0
140, 972, 19, 60, 0, 0, 69.23%, 0, 0, 5, 83087.36, 11523496, 27, 0, 0
145, 1006, 30, 60, 0, 0, 69.23%, 0, 0, 5, 84020.29, 11946296, 27, 0, 0
150, 1039, 33, 60, 0, 0, 69.23%, 0, 0, 5, 82814.55, 12360246, 27, 0, 0
155, 1071, 4, 60, 0, 0, 69.23%, 0, 0, 5, 77614.11, 12757146, 27, 0, 0
160, 1102, 19, 60, 0, 0, 69.23%, 0, 0, 5, 79381.39, 13137446, 27, 0, 0
165, 1134, 56, 60, 0, 0, 69.23%, 0, 0, 5, 81442.74, 13545446, 27, 0, 0
170, 1167, 6, 60, 0, 0, 69.23%, 0, 0, 5, 79746.61, 13953846, 27, 0, 0
175, 1201, 57, 60, 0, 0, 69.23%, 0, 0, 5, 83031.89, 14372946, 27, 0, 0
180, 1234, 19, 60, 0, 0, 69.23%, 0, 0, 5, 79644.23, 14769796, 27, 0, 0
185, 1267, 3, 60, 0, 0, 69.23%, 0, 0, 5, 83279.61, 15191596, 27, 0, 0
190, 1300, 3, 60, 0, 0, 69.23%, 0, 0, 5, 82735.38, 15605546, 27, 0, 0
195, 1334, 3, 60, 0, 0, 69.23%, 0, 0, 5, 83479.49, 16024846, 27, 0, 0
200, 1367, 58, 60, 0, 0, 69.23%, 0, 0, 5, 83314.90, 16438196, 27, 0, 0
205, 1401, 19, 60, 0, 0, 69.23%, 0, 0, 5, 83964.96, 16859496, 27, 0, 0
210, 1434, 4, 60, 0, 0, 69.23%, 0, 0, 5, 81038.34, 17258046, 27, 0, 0
215, 1467, 4, 60, 0, 0, 69.23%, 0, 0, 5, 82144.64, 17671396, 27, 0, 0
220, 1501, 3, 60, 0, 0, 69.23%, 0, 0, 5, 82502.78, 18087796, 27, 0, 0
225, 1534, 6, 60, 0, 0, 69.23%, 0, 0, 5, 81514.80, 18500096, 27, 0, 0
230, 1566, 6, 60, 0, 0, 69.23%, 0, 0, 5, 80562.14, 18902996, 27, 0, 0
235, 1599, 31, 60, 0, 0, 69.23%, 0, 0, 5, 81320.39, 19307246, 27, 0, 0
240, 1632, 23, 60, 0, 0, 69.23%, 0, 0, 5, 81234.47, 19715296, 27, 0, 0
245, 1666, 3, 60, 0, 0, 69.23%, 0, 0, 5, 83582.95, 20136646, 27, 0, 0
250, 1698, 54, 60, 0, 0, 69.23%, 0, 0, 5, 78081.48, 20533296, 27, 0, 0
255, 1733, 3, 60, 0, 0, 69.23%, 0, 0, 5, 82798.65, 20952396, 27, 0, 0
260, 1766, 23, 60, 0, 0, 69.23%, 0, 0, 5, 82212.16, 21359446, 27, 0, 0
265, 1798, 13, 60, 0, 0, 69.23%, 0, 0, 5, 81442.69, 21761896, 27, 0, 0
270, 1832, 18, 60, 0, 0, 69.23%, 0, 0, 5, 82754.91, 22174896, 27, 0, 0
275, 1865, 13, 60, 0, 0, 69.23%, 0, 0, 5, 82864.36, 22587746, 27, 0, 0
280, 1897, 13, 60, 0, 0, 69.23%, 0, 0, 5, 82041.31, 22996246, 27, 0, 0
285, 1931, 4, 60, 0, 0, 69.23%, 0, 0, 5, 83410.90, 23414046, 27, 0, 0
290, 1965, 16, 60, 0, 0, 69.23%, 0, 0, 5, 82921.59, 23831546, 27, 0, 0
295, 1999, 6, 60, 0, 0, 69.23%, 0, 0, 5, 83373.14, 24248596, 27, 0, 0
300, 2031, 23, 60, 0, 0, 69.23%, 0, 0, 5, 81341.81, 24652996, 27, 0, 0
305, 2064, 13, 60, 0, 0, 69.23%, 0, 0, 5, 82625.61, 25064446, 27, 0, 0
310, 2098, 13, 60, 0, 0, 69.23%, 0, 0, 5, 83855.67, 25485796, 27, 0, 0
315, 2132, 35, 60, 0, 0, 69.23%, 0, 0, 5, 83787.28, 25902696, 27, 0, 0
320, 2165, 2, 61, 0, 0, 69.23%, 0, 0, 5, 83984.43, 26323511, 27, 0, 0
325, 2196, 13, 62, 0, 0, 69.23%, 0, 0, 6, 82238.75, 26737709, 27, 0, 0
330, 2229, 6, 62, 0, 0, 69.23%, 0, 0, 6, 83645.70, 27157359, 27, 0, 0
335, 2261, 13, 62, 0, 0, 69.23%, 0, 0, 6, 83020.50, 27572309, 27, 0, 0
340, 2291, 13, 62, 0, 0, 69.23%, 0, 0, 6, 80864.62, 27959509, 27, 0, 0
345, 2324, 3, 62, 0, 0, 69.23%, 0, 0, 6, 83324.43, 28380559, 27, 0, 0
350, 2356, 19, 62, 0, 0, 69.23%, 0, 0, 6, 80919.70, 28788809, 27, 0, 0
355, 2387, 19, 62, 0, 0, 69.23%, 0, 0, 6, 81485.96, 29186609, 27, 0, 0
360, 2420, 31, 62, 0, 0, 69.23%, 0, 0, 6, 81462.04, 29596409, 27, 0, 0
365, 2452, 13, 62, 0, 0, 69.23%, 0, 0, 6, 82517.28, 30011409, 27, 0, 0
370, 2485, 58, 62, 0, 0, 69.23%, 0, 0, 6, 83839.33, 30434559, 27, 0, 0
375, 2516, 31, 62, 0, 0, 69.23%, 0, 0, 6, 80376.68, 30836109, 27, 0, 0
380, 2548, 3, 62, 0, 0, 69.23%, 0, 0, 6, 83443.51, 31258159, 27, 0, 0
385, 2581, 9, 62, 0, 0, 69.23%, 0, 0, 6, 83497.86, 31677259, 27, 0, 0
390, 2613, 13, 62, 0, 0, 69.23%, 0, 0, 6, 83705.17, 32097259, 27, 0, 0
395, 2645, 52, 62, 0, 0, 69.23%, 0, 0, 6, 82470.51, 32509809, 27, 0, 0
400, 2677, 13, 62, 0, 0, 69.23%, 0, 0, 6, 83884.54, 32931509, 27, 0, 0
405, 2709, 6, 62, 0, 0, 69.23%, 0, 0, 6, 81713.47, 33335609, 27, 0, 0
410, 2740, 23, 62, 0, 0, 69.23%, 0, 0, 6, 82682.94, 33750659, 27, 0, 0
415, 2773, 19, 62, 0, 0, 69.23%, 0, 0, 6, 83625.10, 34170309, 27, 0, 0
420, 2806, 19, 62, 0, 0, 69.23%, 0, 0, 6, 83828.91, 34591359, 27, 0, 0
425, 2838, 3, 62, 0, 0, 69.23%, 0, 0, 6, 83920.14, 35011359, 27, 0, 0
430, 2870, 19, 62, 0, 0, 69.23%, 0, 0, 6, 83706.29, 35428059, 27, 0, 0
435, 2902, 4, 62, 0, 0, 69.23%, 0, 0, 6, 84013.96, 35849009, 27, 0, 0
440, 2934, 59, 62, 0, 0, 69.23%, 0, 0, 6, 82903.49, 36263759, 27, 0, 0
445, 2965, 23, 62, 0, 0, 69.23%, 0, 0, 6, 79220.03, 36663109, 27, 0, 0
450, 2995, 31, 62, 0, 0, 69.23%, 0, 0, 6, 78140.48, 37052459, 27, 0, 0
455, 3028, 1, 62, 0, 0, 69.23%, 0, 0, 6, 83088.21, 37475059, 27, 0, 0
460, 3060, 31, 62, 0, 0, 69.23%, 0, 0, 6, 83564.54, 37896309, 27, 0, 0
465, 3092, 13, 62, 0, 0, 69.23%, 0, 0, 6, 82297.77, 38300559, 27, 0, 0
470, 3125, 19, 62, 0, 0, 69.23%, 0, 0, 6, 83995.63, 38723159, 27, 0, 0
475, 3156, 30, 62, 0, 0, 69.23%, 0, 0, 6, 81066.36, 39126234, 27, 0, 0
480, 3188, 20, 62, 0, 0, 69.23%, 0, 0, 6, 82477.02, 39543059, 27, 0, 0
486, 3221, 23, 62, 0, 0, 69.23%, 0, 0, 6, 82316.19, 39952659, 27, 0, 0
491, 3254, 58, 62, 0, 0, 69.23%, 0, 0, 6, 83873.96, 40374259, 27, 0, 0
496, 3286, 3, 62, 0, 0, 69.23%, 0, 0, 6, 82231.37, 40790809, 27, 0, 0
501, 3319, 4, 62, 0, 0, 69.23%, 0, 0, 6, 83992.40, 41213709, 27, 0, 0
506, 3350, 58, 62, 0, 0, 69.23%, 0, 0, 6, 82685.75, 41623609, 27, 0, 0
511, 3382, 58, 62, 0, 0, 69.23%, 0, 0, 6, 81872.96, 42038709, 27, 0, 0
516, 3413, 13, 62, 0, 0, 69.23%, 0, 0, 6, 80661.10, 42448659, 27, 0, 0
521, 3442, 56, 62, 0, 0, 69.23%, 0, 0, 6, 79495.06, 42840509, 27, 0, 0
526, 3475, 20, 62, 0, 0, 69.23%, 0, 0, 6, 83300.47, 43259259, 27, 0, 0
531, 3505, 3, 62, 0, 0, 69.23%, 0, 0, 6, 78984.59, 43654259, 27, 0, 0
536, 3537, 23, 62, 0, 0, 69.23%, 0, 0, 6, 83165.00, 44076959, 27, 0, 0
541, 3570, 58, 62, 0, 0, 69.23%, 0, 0, 6, 84109.47, 44499009, 27, 0, 0
546, 3603, 13, 62, 0, 0, 69.23%, 0, 0, 6, 83173.05, 44910009, 27, 0, 0
551, 3635, 6, 62, 0, 0, 69.23%, 0, 0, 6, 84086.67, 45332409, 27, 0, 0
556, 3667, 6, 62, 0, 0, 69.23%, 0, 0, 6, 83854.50, 45749559, 27, 0, 0
561, 3698, 31, 62, 0, 0, 69.23%, 0, 0, 6, 82623.89, 46161259, 27, 0, 0
566, 3730, 4, 62, 0, 0, 69.23%, 0, 0, 6, 82371.65, 46571609, 27, 0, 0
571, 3763, 26, 62, 0, 0, 69.23%, 0, 0, 6, 84021.27, 46995009, 27, 0, 0
576, 3793, 19, 62, 0, 0, 69.23%, 0, 0, 6, 81152.66, 47397759, 27, 0, 0
581, 3826, 19, 62, 0, 0, 69.23%, 0, 0, 6, 83185.46, 47818709, 27, 0, 0
586, 3857, 19, 62, 0, 0, 69.23%, 0, 0, 6, 82018.91, 48218909, 27, 0, 0
591, 3888, 3, 62, 0, 0, 69.23%, 0, 0, 6, 80074.90, 48623059, 27, 0, 0
596, 3921, 3, 62, 0, 0, 69.23%, 0, 0, 6, 83506.00, 49046059, 27, 0, 0
601, 3944, 70, 79, 3, 0, 69.23%, 0, 0, 6, 74297.95, 49417783, 27, 0, 0
606, 3956, 64, 80, 0, 0, 69.23%, 0, 0, 6, 75008.68, 49799258, 27, 0, 0
611, 3967, 79, 80, 0, 0, 69.23%, 0, 0, 6, 73621.42, 50173430, 27, 0, 0
616, 3979, 6, 80, 0, 0, 69.23%, 0, 0, 6, 73872.06, 50551766, 27, 0, 0
621, 3990, 70, 80, 0, 0, 69.23%, 0, 0, 6, 72209.96, 50923216, 27, 0, 0
626, 4000, 31, 80, 0, 0, 69.23%, 0, 0, 6, 70877.25, 51291900, 27, 0, 0
631, 4011, 70, 80, 0, 0, 69.23%, 0, 0, 6, 70533.22, 51653614, 27, 0, 0
637, 4022, 13, 81, 0, 0, 69.23%, 0, 0, 6, 73688.18, 52032274, 27, 0, 0
642, 4033, 60, 82, 0, 0, 69.23%, 0, 0, 6, 69374.31, 52383250, 27, 0, 0
647, 4045, 50, 82, 0, 0, 69.23%, 0, 0, 6, 71702.34, 52741738, 27, 0, 0
652, 4057, 6, 82, 0, 0, 69.23%, 0, 0, 6, 70361.26, 53106786, 27, 0, 0
657, 4070, 4, 82, 0, 0, 69.23%, 0, 0, 6, 73376.09, 53484576, 27, 0, 0
662, 4082, 78, 82, 0, 0, 69.23%, 0, 0, 6, 73867.08, 53859296, 27, 0, 0
667, 4094, 73, 82, 0, 0, 69.23%, 0, 0, 6, 70816.57, 54216272, 27, 0, 0
672, 4107, 73, 82, 0, 0, 69.23%, 0, 0, 6, 72833.43, 54590326, 27, 0, 0
677, 4120, 75, 82, 0, 0, 69.23%, 0, 0, 6, 72087.51, 54963680, 27, 0, 0
682, 4133, 32, 82, 0, 0, 69.23%, 0, 0, 6, 74078.45, 55342442, 27, 0, 0
687, 4144, 73, 82, 0, 0, 69.23%, 0, 0, 6, 71637.18, 55700356, 27, 0, 0
692, 4156, 4, 82, 0, 0, 69.23%, 0, 0, 6, 70366.39, 56057172, 27, 0, 0
697, 4168, 65, 82, 0, 0, 69.23%, 0, 0, 6, 71298.30, 56416710, 27, 0, 0
703, 4179, 65, 82, 0, 0, 69.23%, 0, 0, 6, 72638.09, 56788074, 27, 0, 0
708, 4190, 80, 82, 0, 0, 69.23%, 0, 0, 6, 71991.36, 57144460, 27, 0, 0
713, 4202, 39, 82, 0, 0, 69.23%, 0, 0, 6, 71536.94, 57508458, 27, 0, 0
718, 4213, 4, 82, 0, 0, 69.23%, 0, 0, 6, 71563.21, 57872630, 27, 0, 0
723, 4226, 64, 82, 0, 0, 69.23%, 0, 0, 6, 71976.63, 58237302, 27, 0, 0
728, 4237, 3, 82, 0, 0, 69.23%, 0, 0, 6, 69336.25, 58577816, 27, 0, 0
733, 4249, 19, 82, 0, 0, 69.23%, 0, 0, 6, 72158.92, 58949114, 27, 0, 0
738, 4261, 13, 83, 0, 0, 69.23%, 0, 0, 6, 73486.43, 59323890, 27, 0, 0
743, 4273, 59, 83, 0, 0, 69.23%, 0, 0, 6, 72137.02, 59686620, 27, 0, 0
748, 4283, 3, 83, 0, 0, 69.23%, 0, 0, 6, 69119.32, 60032390, 27, 0, 0
753, 4295, 48, 83, 0, 0, 69.23%, 0, 0, 6, 69885.38, 60388212, 27, 0, 0
758, 4306, 66, 83, 0, 0, 69.23%, 0, 0, 6, 72344.59, 60755684, 27, 0, 0
764, 4317, 76, 83, 0, 0, 69.23%, 0, 0, 6, 72087.21, 61121322, 27, 0, 0
769, 4329, 23, 83, 0, 0, 69.23%, 0, 0, 6, 69073.29, 61479128, 27, 0, 0
774, 4340, 73, 83, 0, 0, 69.23%, 0, 0, 6, 69116.34, 61830434, 27, 0, 0
779, 4352, 53, 83, 0, 0, 69.23%, 0, 0, 6, 70536.87, 62189744, 27, 0, 0
784, 4363, 59, 83, 0, 0, 69.23%, 0, 0, 6, 68624.90, 62543182, 27, 0, 0
789, 4375, 3, 83, 0, 0, 69.23%, 0, 0, 6, 69900.19, 62904196, 27, 0, 0
794, 4386, 75, 83, 0, 0, 69.23%, 0, 0, 6, 70354.49, 63259984, 27, 0, 0
799, 4398, 19, 83, 0, 0, 69.23%, 0, 0, 6, 69701.06, 63616666, 27, 0, 0
804, 4409, 40, 83, 0, 0, 69.23%, 0, 0, 6, 68830.50, 63967754, 27, 0, 0
809, 4421, 63, 83, 0, 0, 69.23%, 0, 0, 6, 72788.93, 64336042, 27, 0, 0
814, 4431, 72, 83, 0, 0, 69.23%, 0, 0, 6, 72185.82, 64702024, 27, 0, 0
819, 4443, 3, 83, 0, 0, 69.23%, 0, 0, 6, 72097.12, 65065846, 27, 0, 0
824, 4454, 64, 83, 0, 0, 69.23%, 0, 0, 6, 69328.68, 65406470, 27, 0, 0
829, 4464, 78, 83, 0, 0, 69.23%, 0, 0, 6, 69132.63, 65761780, 27, 0, 0
835, 4475, 79, 83, 0, 0, 69.23%, 0, 0, 6, 70178.64, 66117614, 27, 0, 0
840, 4487, 13, 83, 0, 0, 69.23%, 0, 0, 6, 72641.11, 66490238, 27, 0, 0
845, 4499, 55, 83, 0, 0, 69.23%, 0, 0, 6, 72996.39, 66859760, 27, 0, 0
850, 4510, 67, 83, 0, 0, 69.23%, 0, 0, 6, 72243.23, 67213248, 27, 0, 0
855, 4522, 4, 83, 0, 0, 69.23%, 0, 0, 6, 71229.64, 67575504, 27, 0, 0
860, 4533, 19, 83, 0, 0, 69.23%, 0, 0, 6, 70951.07, 67931986, 27, 0, 0
865, 4545, 19, 83, 0, 0, 69.23%, 0, 0, 6, 72059.57, 68298650, 27, 0, 0
870, 4555, 78, 83, 0, 0, 69.23%, 0, 0, 6, 70120.47, 68655406, 27, 0, 0
875, 4567, 4, 83, 0, 0, 69.23%, 0, 0, 6, 71164.60, 69014552, 27, 0, 0
880, 4580, 12, 83, 0, 0, 69.23%, 0, 0, 6, 72484.90, 69376632, 27, 0, 0
885, 4591, 65, 83, 0, 0, 69.23%, 0, 0, 6, 70355.86, 69735346, 27, 0, 0
890, 4603, 40, 83, 0, 0, 69.23%, 0, 0, 6, 72621.45, 70104652, 27, 0, 0
895, 4615, 39, 83, 0, 0, 69.23%, 0, 0, 6, 70354.04, 70464542, 27, 0, 0
900, 4626, 69, 83, 0, 0, 69.23%, 0, 0, 6, 71398.23, 70818714, 27, 0, 0
906, 4638, 76, 83, 0, 0, 69.23%, 0, 0, 6, 72728.81, 71192894, 27, 0, 0
911, 4649, 61, 83, 0, 0, 69.23%, 0, 0, 6, 69246.44, 71550044, 27, 0, 0
916, 4662, 50, 83, 0, 0, 69.23%, 0, 0, 6, 72786.84, 71920392, 27, 0, 0
921, 4673, 3, 83, 0, 0, 69.23%, 0, 0, 6, 69743.01, 72270338, 27, 0, 0
926, 4685, 31, 83, 0, 0, 69.23%, 0, 0, 6, 68341.22, 72621418, 27, 0, 0
931, 4696, 31, 83, 0, 0, 69.23%, 0, 0, 6, 72887.89, 72994940, 27, 0, 0
936, 4707, 10, 83, 0, 0, 69.23%, 0, 0, 6, 72206.73, 73362120, 27, 0, 0
941, 4719, 49, 83, 0, 0, 69.23%, 0, 0, 6, 72988.73, 73730852, 27, 0, 0
946, 4730, 51, 83, 0, 0, 69.23%, 0, 0, 6, 69190.36, 74076450, 27, 0, 0
951, 4742, 4, 83, 0, 0, 69.23%, 0, 0, 6, 68757.44, 74423196, 27, 0, 0
956, 4753, 52, 83, 0, 0, 69.23%, 0, 0, 6, 67711.78, 74774044, 27, 0, 0
961, 4765, 73, 83, 0, 0, 69.23%, 0, 0, 6, 69682.46, 75134522, 27, 0, 0
966, 4776, 80, 83, 0, 0, 69.23%, 0, 0, 6, 69643.61, 75488584, 27, 0, 0
971, 4788, 61, 83, 0, 0, 69.23%, 0, 0, 6, 68975.07, 75846332, 27, 0, 0
977, 4799, 31, 83, 0, 0, 69.23%, 0, 0, 6, 71633.82, 76211938, 27, 0, 0
982, 4811, 62, 83, 0, 0, 69.23%, 0, 0, 6, 73161.51, 76579834, 27, 0, 0
987, 4822, 57, 83, 0, 0, 69.23%, 0, 0, 6, 69734.59, 76932466, 27, 0, 0
992, 4833, 65, 83, 0, 0, 69.23%, 0, 0, 6, 69224.01, 77288412, 27, 0, 0
997, 4845, 58, 83, 0, 0, 69.23%, 0, 0, 6, 72074.17, 77654484, 27, 0, 0
1002, 4857, 79, 83, 0, 0, 69.23%, 0, 0, 6, 72779.19, 78028714, 27, 0, 0
1007, 4868, 78, 83, 0, 0, 69.23%, 0, 0, 6, 72636.19, 78394518, 27, 0, 0
1012, 4880, 31, 83, 0, 0, 69.23%, 0, 0, 6, 72570.51, 78756132, 27, 0, 0
1017, 4891, 40, 83, 0, 0, 69.23%, 0, 0, 6, 72206.40, 79122144, 27, 0, 0
1022, 4902, 81, 83, 0, 0, 69.23%, 0, 0, 6, 71384.15, 79483282, 27, 0, 0
1027, 4913, 74, 83, 0, 0, 69.23%, 0, 0, 6, 70309.68, 79839030, 27, 0, 0
1032, 4924, 60, 83, 0, 0, 69.23%, 0, 0, 6, 72437.66, 80206620, 27, 0, 0
1038, 4935, 77, 83, 0, 0, 69.23%, 0, 0, 6, 68517.74, 80553192, 27, 0, 0
1043, 4947, 59, 83, 0, 0, 69.23%, 0, 0, 6, 71998.05, 80924806, 27, 0, 0
1048, 4959, 80, 83, 0, 0, 69.23%, 0, 0, 6, 72419.47, 81291704, 27, 0, 0
1053, 4971, 6, 83, 0, 0, 69.23%, 0, 0, 6, 71940.51, 81653467, 27, 0, 0
1058, 4982, 78, 83, 0, 0, 69.23%, 0, 0, 6, 72436.39, 82020406, 27, 0, 0
1063, 4994, 77, 83, 0, 0, 69.23%, 0, 0, 6, 72194.49, 82388828, 27, 0, 0
1068, 5005, 61, 83, 0, 0, 69.23%, 0, 0, 6, 69772.31, 82738826, 27, 0, 0
1073, 5016, 76, 83, 0, 0, 69.23%, 0, 0, 6, 70755.12, 83096066, 27, 0, 0
1078, 5027, 6, 83, 0, 0, 69.23%, 0, 0, 6, 72711.86, 83465697, 27, 0, 0
1083, 5039, 72, 83, 0, 0, 69.23%, 0, 0, 6, 70028.27, 83820836, 27, 0, 0
1088, 5050, 13, 83, 0, 0, 69.23%, 0, 0, 6, 69408.87, 84174826, 27, 0, 0
1093, 5060, 35, 83, 0, 0, 69.23%, 0, 0, 6, 71197.62, 84537314, 27, 0, 0
1099, 5072, 13, 83, 0, 0, 69.23%, 0, 0, 6, 70544.33, 84900436, 27, 0, 0
1104, 5084, 74, 83, 0, 0, 69.23%, 0, 0, 6, 70629.86, 85258164, 27, 0, 0
1109, 5096, 6, 83, 0, 0, 69.23%, 0, 0, 6, 72520.73, 85624053, 27, 0, 0
1114, 5107, 76, 83, 0, 0, 69.23%, 0, 0, 6, 71505.28, 85992732, 27, 0, 0
1119, 5119, 54, 83, 0, 0, 69.23%, 0, 0, 6, 71616.84, 86359972, 27, 0, 0
1124, 5130, 61, 83, 0, 0, 69.23%, 0, 0, 6, 71821.77, 86725428, 27, 0, 0
1129, 5142, 62, 83, 0, 0, 69.23%, 0, 0, 6, 71773.56, 87082816, 27, 0, 0
1134, 5154, 31, 83, 0, 0, 69.23%, 0, 0, 6, 72402.12, 87444244, 27, 0, 0
1139, 5166, 82, 83, 0, 0, 69.23%, 0, 0, 6, 70901.70, 87807082, 27, 0, 0
1144, 5178, 23, 83, 0, 0, 69.23%, 0, 0, 6, 72176.68, 88179228, 27, 0, 0
1149, 5189, 60, 83, 0, 0, 69.23%, 0, 0, 6, 73563.72, 88555334, 27, 0, 0
1154, 5200, 58, 83, 0, 0, 69.23%, 0, 0, 6, 69958.55, 88909240, 27, 0, 0
1159, 5212, 23, 83, 0, 0, 69.23%, 0, 0, 6, 73308.58, 89282996, 27, 0, 0
1164, 5223, 64, 83, 0, 0, 69.23%, 0, 0, 6, 71469.10, 89641410, 27, 0, 0
1170, 5235, 77, 83, 0, 0, 69.23%, 0, 0, 6, 72878.12, 90013366, 27, 0, 0
1175, 5246, 64, 83, 0, 0, 69.23%, 0, 0, 6, 70801.41, 90361988, 27, 0, 0
1180, 5258, 73, 83, 0, 0, 69.23%, 0, 0, 6, 72868.80, 90739592, 27, 0, 0
1185, 5270, 48, 83, 0, 0, 69.23%, 0, 0, 6, 70623.70, 91099406, 27, 0, 0
1190, 5282, 60, 83, 0, 0, 69.23%, 0, 0, 6, 72777.32, 91471652, 27, 0, 0
1195, 5293, 77, 83, 0, 0, 69.23%, 0, 0, 6, 73002.90, 91842148, 27, 0, 0
1200, 5305, 76, 83, 0, 0, 69.23%, 0, 0, 6, 71623.13, 92208294, 27, 0, 0
1205, 5316, 71, 83, 0, 0, 69.23%, 0, 0, 6, 71696.14, 92569476, 27, 0, 0
1210, 5327, 65, 83, 0, 0, 69.23%, 0, 0, 6, 69739.66, 92917138, 27, 0, 0
1215, 5339, 71, 83, 0, 0, 69.23%, 0, 0, 6, 71990.24, 93285854, 27, 0, 0
1220, 5349, 23, 83, 0, 0, 69.23%, 0, 0, 6, 71493.94, 93652104, 27, 0, 0
1225, 5361, 56, 83, 0, 0, 69.23%, 0, 0, 6, 72060.01, 94019016, 27, 0, 0
1231, 5373, 4, 83, 0, 0, 69.23%, 0, 0, 6, 71245.76, 94376596, 27, 0, 0
1236, 5385, 53, 83, 0, 0, 69.23%, 0, 0, 6, 71756.22, 94739126, 27, 0, 0
1241, 5397, 13, 83, 0, 0, 69.23%, 0, 0, 6, 72446.46, 95107656, 27, 0, 0
1246, 5408, 60, 83, 0, 0, 69.23%, 0, 0, 6, 71375.29, 95469340, 27, 0, 0
1251, 5420, 13, 83, 0, 0, 69.23%, 0, 0, 6, 69625.03, 95828178, 27, 0, 0
1256, 5431, 65, 83, 0, 0, 69.23%, 0, 0, 6, 72774.90, 96199118, 27, 0, 0
1261, 5443, 73, 83, 0, 0, 69.23%, 0, 0, 6, 69504.89, 96558932, 27, 0, 0
1266, 5454, 59, 83, 0, 0, 69.23%, 0, 0, 6, 71668.75, 96923886, 27, 0, 0
1271, 5466, 73, 83, 0, 0, 69.23%, 0, 0, 6, 72255.01, 97295276, 27, 0, 0
1276, 5477, 60, 83, 0, 0, 69.23%, 0, 0, 6, 72639.71, 97662708, 27, 0, 0
1281, 5489, 78, 83, 0, 0, 69.23%, 0, 0, 6, 73422.73, 98034766, 27, 0, 0
1286, 5500, 80, 83, 0, 0, 69.23%, 0, 0, 6, 72383.67, 98392058, 27, 0, 0
1291, 5512, 25, 83, 0, 0, 69.23%, 0, 0, 6, 72125.65, 98758298, 27, 0, 0
1297, 5523, 3, 83, 0, 0, 69.23%, 0, 0, 6, 70415.40, 99120320, 27, 0, 0
1302, 5535, 31, 83, 0, 0, 69.23%, 0, 0, 6, 71323.64, 99481600, 27, 0, 0
1307, 5546, 31, 83, 0, 0, 69.23%, 0, 0, 6, 69906.72, 99840506, 27, 0, 0
1312, 5558, 12, 83, 0, 0, 69.23%, 0, 0, 6, 72067.69, 100206444, 27, 0, 0
1317, 5569, 23, 83, 0, 0, 69.23%, 0, 0, 6, 69262.40, 100560208, 27, 0, 0
1322, 5581, 6, 83, 0, 0, 69.23%, 0, 0, 6, 71697.04, 100926330, 27, 0, 0
1327, 5593, 23, 83, 0, 0, 69.23%, 0, 0, 6, 73269.35, 101300770, 27, 0, 0
1332, 5605, 23, 83, 0, 0, 69.23%, 0, 0, 6, 72507.62, 101668020, 27, 0, 0
1337, 5616, 77, 83, 0, 0, 69.23%, 0, 0, 6, 70924.06, 102029076, 27, 0, 0
1342, 5626, 23, 83, 0, 0, 69.23%, 0, 0, 6, 68822.61, 102377348, 27, 0, 0
1347, 5639, 80, 83, 0, 0, 69.23%, 0, 0, 6, 70627.66, 102742726, 27, 0, 0
1352, 5651, 44, 83, 0, 0, 69.23%, 0, 0, 6, 71180.97, 103104188, 27, 0, 0
1357, 5662, 3, 83, 0, 0, 69.23%, 0, 0, 6, 72454.05, 103468712, 27, 0, 0
1363, 5673, 80, 83, 0, 0, 69.23%, 0, 0, 6, 67171.39, 103811996, 27, 0, 0
1368, 5684, 67, 83, 0, 0, 69.23%, 0, 0, 6, 71410.71, 104176776, 27, 0, 0
1373, 5695, 41, 83, 0, 0, 69.23%, 0, 0, 6, 70116.89, 104537482, 27, 0, 0
1378, 5705, 60, 83, 0, 0, 69.23%, 0, 0, 6, 68755.20, 104894072, 27, 0, 0
1383, 5717, 6, 83, 0, 0, 69.23%, 0, 0, 6, 71291.91, 105259301, 27, 0, 0
1388, 5729, 65, 83, 0, 0, 69.23%, 0, 0, 6, 73015.47, 105629630, 27, 0, 0
1393, 5739, 13, 83, 0, 0, 69.23%, 0, 0, 6, 69927.62, 105981828, 27, 0, 0
1398, 5750, 82, 83, 0, 0, 69.23%, 0, 0, 6, 69538.84, 106341018, 27, 0, 0
1403, 5761, 19, 83, 0, 0, 69.23%, 0, 0, 6, 69081.76, 106688548, 27, 0, 0
1408, 5772, 59, 83, 0, 0, 69.23%, 0, 0, 6, 69689.02, 107049420, 27, 0, 0
1413, 5784, 19, 83, 0, 0, 69.23%, 0, 0, 6, 70597.88, 107411942, 27, 0, 0
1418, 5795, 21, 83, 0, 0, 69.23%, 0, 0, 6, 72624.83, 107782190, 27, 0, 0
1424, 5806, 6, 83, 0, 0, 69.23%, 0, 0, 6, 70003.34, 108133037, 27, 0, 0
1429, 5817, 13, 83, 0, 0, 69.23%, 0, 0, 6, 70688.19, 108497702, 27, 0, 0
1434, 5828, 82, 83, 0, 0, 69.23%, 0, 0, 6, 71904.06, 108863966, 27, 0, 0
1439, 5840, 40, 83, 0, 0, 69.23%, 0, 0, 6, 72580.79, 109233056, 27, 0, 0
1444, 5851, 75, 83, 0, 0, 69.23%, 0, 0, 6, 70664.42, 109588462, 27, 0, 0
1449, 5862, 13, 83, 0, 0, 69.23%, 0, 0, 6, 72393.82, 109956432, 27, 0, 0
1454, 5874, 73, 83, 0, 0, 69.23%, 0, 0, 6, 70616.85, 110315188, 27, 0, 0
1459, 5885, 31, 83, 0, 0, 69.23%, 0, 0, 6, 71225.84, 110680336, 27, 0, 0
1464, 5896, 65, 83, 0, 0, 69.23%, 0, 0, 6, 71832.65, 111043802, 27, 0, 0
1469, 5907, 53, 83, 0, 0, 69.23%, 0, 0, 6, 68304.59, 111396010, 27, 0, 0
1474, 5918, 82, 83, 0, 0, 69.23%, 0, 0, 6, 71331.21, 111762748, 27, 0, 0
1479, 5931, 65, 83, 0, 0, 69.23%, 0, 0, 6, 72640.28, 112131670, 27, 0, 0
1484, 5942, 65, 83, 0, 0, 69.23%, 0, 0, 6, 72093.17, 112489182, 27, 0, 0
1490, 5953, 6, 83, 0, 0, 69.23%, 0, 0, 6, 72324.51, 112857537, 27, 0, 0
1495, 5965, 38, 83, 0, 0, 69.23%, 0, 0, 6, 72549.65, 113226110, 27, 0, 0
1500, 5977, 61, 83, 0, 0, 69.23%, 0, 0, 6, 72519.64, 113592982, 27, 0, 0
1505, 5988, 6, 83, 0, 0, 69.23%, 0, 0, 6, 71811.43, 113959530, 27, 0, 0
1510, 5999, 66, 83, 0, 0, 69.23%, 0, 0, 6, 71480.17, 114324118, 27, 0, 0
1515, 6010, 41, 83, 0, 0, 69.23%, 0, 0, 6, 70755.13, 114685942, 27, 0, 0
1520, 6021, 61, 83, 0, 0, 69.23%, 0, 0, 6, 70973.46, 115049990, 27, 0, 0
1525, 6033, 31, 83, 0, 0, 69.23%, 0, 0, 6, 71532.20, 115412548, 27, 0, 0
1530, 6044, 51, 83, 0, 0, 69.23%, 0, 0, 6, 72682.24, 115782314, 27, 0, 0
1535, 6055, 73, 83, 0, 0, 69.23%, 0, 0, 6, 71287.23, 116140628, 27, 0, 0
1540, 6067, 79, 83, 0, 0, 69.23%, 0, 0, 6, 70972.34, 116505282, 27, 0, 0
1546, 6078, 19, 83, 0, 0, 69.23%, 0, 0, 6, 71459.02, 116868034, 27, 0, 0
1551, 6089, 64, 83, 0, 0, 69.23%, 0, 0, 6, 70540.35, 117224482, 27, 0, 0
1556, 6101, 39, 83, 0, 0, 69.23%, 0, 0, 6, 71588.06, 117586446, 27, 0, 0
1561, 6113, 57, 83, 0, 0, 69.23%, 0, 0, 6, 69218.34, 117939842, 27, 0, 0
1566, 6124, 31, 83, 0, 0, 69.23%, 0, 0, 6, 69736.81, 118297530, 27, 0, 0
1571, 6137, 71, 83, 0, 0, 69.23%, 0, 0, 6, 72234.92, 118663302, 27, 0, 0
1576, 6148, 75, 83, 0, 0, 69.23%, 0, 0, 6, 72185.77, 119025364, 27, 0, 0
1581, 6159, 82, 83, 0, 0, 69.23%, 0, 0, 6, 71245.32, 119389560, 27, 0, 0
1586, 6171, 23, 83, 0, 0, 69.23%, 0, 0, 6, 73104.94, 119758930, 27, 0, 0
1591, 6182, 30, 83, 0, 0, 69.23%, 0, 0, 6, 72491.25, 120125379, 27, 0, 0
1596, 6194, 23, 83, 0, 0, 69.23%, 0, 0, 6, 72688.23, 120492274, 27, 0, 0
1601, 6206, 17, 83, 0, 0, 69.23%, 0, 0, 6, 70199.38, 120849620, 27, 0, 0
1606, 6218, 65, 83, 0, 0, 69.23%, 0, 0, 6, 71717.66, 121218186, 27, 0, 0
1611, 6229, 59, 83, 0, 0, 69.23%, 0, 0, 6, 71035.64, 121580358, 27, 0, 0
1617, 6240, 4, 83, 0, 0, 69.23%, 0, 0, 6, 71145.65, 121942896, 27, 0, 0
1622, 6252, 23, 83, 0, 0, 69.23%, 0, 0, 6, 70359.05, 122292094, 27, 0, 0
1627, 6264, 46, 83, 0, 0, 69.23%, 0, 0, 6, 69748.68, 122655424, 27, 0, 0
1632, 6276, 4, 83, 0, 0, 69.23%, 0, 0, 6, 71885.53, 123020470, 27, 0, 0
1637, 6287, 36, 83, 0, 0, 69.23%, 0, 0, 6, 72834.61, 123391726, 27, 0, 0
1642, 6299, 80, 83, 0, 0, 69.23%, 0, 0, 6, 71672.11, 123754842, 27, 0, 0
1647, 6310, 23, 83, 0, 0, 69.23%, 0, 0, 6, 72206.34, 124125706, 27, 0, 0
1652, 6322, 78, 83, 0, 0, 69.23%, 0, 0, 6, 72360.67, 124489830, 27, 0, 0
1657, 6333, 73, 83, 0, 0, 69.23%, 0, 0, 6, 68058.61, 124833860, 27, 0, 0
1662, 6345, 11, 83, 0, 0, 69.23%, 0, 0, 6, 74953.32, 125225264, 27, 0, 0
1667, 6357, 63, 83, 0, 0, 69.23%, 0, 0, 6, 76128.98, 125615088, 27, 0, 0
1672, 6369, 15, 83, 0, 0, 69.23%, 0, 0, 6, 77164.04, 126006596, 27, 0, 0
1677, 6381, 79, 83, 0, 0, 69.23%, 0, 0, 6, 75685.61, 126392338, 27, 0, 0
1683, 6393, 82, 83, 0, 0, 69.23%, 0, 0, 6, 77165.86, 126787978, 27, 0, 0
1688, 6405, 79, 83, 0, 0, 69.23%, 0, 0, 6, 77586.58, 127181594, 27, 0, 0
1693, 6418, 66, 83, 0, 0, 69.23%, 0, 0, 6, 76618.71, 127567176, 27, 0, 0
1698, 6431, 75, 83, 0, 0, 69.23%, 0, 0, 6, 78124.25, 127962932, 27, 0, 0
1703, 6444, 3, 83, 0, 0, 69.23%, 0, 0, 6, 77728.01, 128356356, 27, 0, 0
1708, 6456, 64, 83, 0, 0, 69.23%, 0, 0, 6, 75624.11, 128737836, 27, 0, 0
1713, 6469, 80, 83, 0, 0, 69.23%, 0, 0, 6, 78191.90, 129136056, 27, 0, 0
1718, 6481, 6, 83, 0, 0, 69.23%, 0, 0, 6, 76832.61, 129523536, 27, 0, 0
1723, 6494, 79, 83, 0, 0, 69.23%, 0, 0, 6, 77776.53, 129917974, 27, 0, 0
1728, 6505, 79, 83, 0, 0, 69.23%, 0, 0, 6, 76398.64, 130304764, 27, 0, 0
1733, 6518, 78, 83, 0, 0, 69.23%, 0, 0, 6, 76827.47, 130699162, 27, 0, 0
1738, 6530, 19, 83, 0, 0, 69.23%, 0, 0, 6, 74894.36, 131076978, 27, 0, 0
1743, 6542, 80, 83, 0, 0, 69.23%, 0, 0, 6, 75840.94, 131460166, 27, 0, 0
1748, 6555, 64, 83, 0, 0, 69.23%, 0, 0, 6, 75601.36, 131843196, 27, 0, 0
1753, 6567, 76, 83, 0, 0, 69.23%, 0, 0, 6, 74941.47, 132220058, 27, 0, 0
1759, 6579, 55, 83, 0, 0, 69.23%, 0, 0, 6, 74416.20, 132599390, 27, 0, 0
1764, 6591, 59, 83, 0, 0, 69.23%, 0, 0, 6, 74326.66, 132975846, 27, 0, 0
1769, 6603, 77, 83, 0, 0, 69.23%, 0, 0, 6, 74982.69, 133357878, 27, 0, 0
1774, 6614, 26, 83, 0, 0, 69.23%, 0, 0, 6, 74753.85, 133738718, 27, 0, 0
1779, 6626, 78, 83, 0, 0, 69.23%, 0, 0, 6, 74773.84, 134115878, 27, 0, 0
1784, 6638, 60, 83, 0, 0, 69.23%, 0, 0, 6, 75337.25, 134498770, 27, 0, 0
1789, 6650, 65, 83, 0, 0, 69.23%, 0, 0, 6, 74250.22, 134877916, 27, 0, 0
1794, 6663, 82, 83, 0, 0, 69.23%, 0, 0, 6, 74636.02, 135255488, 27, 0, 0
1798, 6670, 61, 83, 0, 0, 69.23%, 0, 0, 6, 74109.97, 135504209, 27, 0, 0
